Hostname;RequestNumber;rootDispersion;DispOver8Req;Delay;Offset
0.de.pool.ntp.org;0;0.000021;0.000000;0.010846;1.018738
0.de.pool.ntp.org;1;0.000019;0.019226;0.001233;1.021002
0.de.pool.ntp.org;2;0.000043;0.035543;0.019005;1.009965
0.de.pool.ntp.org;3;0.000022;0.035543;0.010596;1.020019
0.de.pool.ntp.org;4;0.000036;0.107559;0.055013;0.970952
0.de.pool.ntp.org;5;0.000018;0.114832;0.058649;1.041521
0.de.pool.ntp.org;6;0.000042;0.405881;0.204174;0.938568
0.de.pool.ntp.org;7;0.000028;0.405881;0.084197;0.947480
0.de.pool.ntp.org;8;0.000006;0.298322;0.191386;0.864365
0.de.pool.ntp.org;9;0.000030;0.387156;0.054046;0.973710
0.de.pool.ntp.org;10;0.000063;0.346929;0.030709;0.995878
0.de.pool.ntp.org;11;0.000045;0.347993;0.030178;0.999471
0.de.pool.ntp.org;12;0.000003;0.373116;0.017616;1.012350
0.de.pool.ntp.org;13;0.000023;0.133162;0.036905;0.993807
0.de.pool.ntp.org;14;0.000027;0.149387;0.009503;1.019252
0.de.pool.ntp.org;15;0.000009;0.149804;0.009295;1.020445
0.de.pool.ntp.org;16;0.000009;0.055220;0.010089;1.015870
0.de.pool.ntp.org;17;0.000056;0.149804;0.009581;1.020303
0.de.pool.ntp.org;18;0.000065;0.058166;0.007821;1.017695
0.de.pool.ntp.org;19;0.000004;0.086250;0.052419;0.976624
0.de.pool.ntp.org;20;0.000038;0.086250;0.011229;1.015151
0.de.pool.ntp.org;21;0.000020;0.086250;0.009920;1.020168
0.de.pool.ntp.org;22;0.000029;0.008390;0.007034;1.018471
0.de.pool.ntp.org;23;0.000042;0.008390;0.010591;1.020287
0.de.pool.ntp.org;24;0.000057;0.013182;0.004638;1.014053
0.de.pool.ntp.org;25;0.000039;0.019149;0.016608;1.020369
0.de.pool.ntp.org;26;0.000015;0.079702;0.046885;0.984789
0.de.pool.ntp.org;27;0.000022;0.007114;0.009688;1.013049
0.de.pool.ntp.org;28;0.000004;0.061845;0.037957;1.014434
0.de.pool.ntp.org;29;0.000057;0.056538;0.029080;1.001288
0.de.pool.ntp.org;30;0.000045;0.054731;0.014137;1.023694
0.de.pool.ntp.org;31;0.000053;0.073259;0.001327;1.017940
0.de.pool.ntp.org;32;0.000034;0.073259;0.011456;1.021123
0.de.pool.ntp.org;33;0.000063;0.073259;0.019984;1.011409
0.de.pool.ntp.org;34;0.000003;0.073259;0.009618;1.019342
0.de.pool.ntp.org;35;0.000065;0.055506;0.010927;1.021450
0.de.pool.ntp.org;36;0.000044;0.055506;0.009392;1.021309
0.de.pool.ntp.org;37;0.000012;0.055506;0.010230;1.021427
0.de.pool.ntp.org;38;0.000014;0.019737;0.011195;1.021439
0.de.pool.ntp.org;39;0.000002;0.019737;0.009309;1.021601
0.de.pool.ntp.org;40;0.000050;0.003772;0.010115;1.021726
0.de.pool.ntp.org;41;0.000064;0.019737;0.001373;1.018795
0.de.pool.ntp.org;42;0.000055;0.019644;0.010223;1.022244
0.de.pool.ntp.org;43;0.000043;0.003772;0.009500;1.021802
0.de.pool.ntp.org;44;0.000058;0.003772;0.009368;1.021798
0.de.pool.ntp.org;45;0.000005;0.007904;0.006278;1.023040
0.de.pool.ntp.org;46;0.000001;0.006245;0.009401;1.022070
0.de.pool.ntp.org;47;0.000053;0.007714;0.005544;1.023540
0.de.pool.ntp.org;48;0.000001;0.009379;0.010233;1.022426
0.de.pool.ntp.org;49;0.000039;0.008187;0.009637;1.022281
1.de.pool.ntp.org;0;0.000030;0.010958;0.011023;1.025504
1.de.pool.ntp.org;1;0.000037;0.007714;0.006763;1.024793
1.de.pool.ntp.org;2;0.000052;0.009325;0.010206;1.021572
1.de.pool.ntp.org;3;0.000011;0.009325;0.010175;1.022542
1.de.pool.ntp.org;4;0.000044;0.010676;0.010882;1.025806
1.de.pool.ntp.org;5;0.000037;0.014093;0.003835;1.022679
1.de.pool.ntp.org;6;0.000039;0.020079;0.000842;1.023973
1.de.pool.ntp.org;7;0.000007;0.014093;0.009324;1.023015
1.de.pool.ntp.org;8;0.000012;0.014093;0.009373;1.022622
1.de.pool.ntp.org;9;0.000059;0.014093;0.009822;1.020979
1.de.pool.ntp.org;10;0.000054;0.020072;0.000846;1.024212
1.de.pool.ntp.org;11;0.000037;0.018658;0.009069;1.023306
1.de.pool.ntp.org;12;0.000032;0.021020;0.011356;1.023000
1.de.pool.ntp.org;13;0.000028;0.021099;0.000806;1.024368
1.de.pool.ntp.org;14;0.000060;0.021099;0.010954;1.024163
1.de.pool.ntp.org;15;0.000065;0.021099;0.009417;1.023043
1.de.pool.ntp.org;16;0.000046;0.021099;0.011349;1.023301
1.de.pool.ntp.org;17;0.000065;0.021099;0.001190;1.024240
1.de.pool.ntp.org;18;0.000024;0.021099;0.009168;1.023702
1.de.pool.ntp.org;19;0.000014;0.017329;0.009471;1.023205
1.de.pool.ntp.org;20;0.000030;0.017329;0.000964;1.024962
1.de.pool.ntp.org;21;0.000047;0.017329;0.009224;1.023717
1.de.pool.ntp.org;22;0.000052;0.019159;0.010543;1.024269
1.de.pool.ntp.org;23;0.000049;0.017854;0.009733;1.021923
1.de.pool.ntp.org;24;0.000060;0.017823;0.000822;1.025075
1.de.pool.ntp.org;25;0.000004;0.018612;0.010270;1.023978
1.de.pool.ntp.org;26;0.000041;0.022361;0.012144;1.023859
1.de.pool.ntp.org;27;0.000063;0.022252;0.001019;1.025001
1.de.pool.ntp.org;28;0.000058;0.022252;0.009645;1.024188
1.de.pool.ntp.org;29;0.000064;0.022252;0.011245;1.024669
1.de.pool.ntp.org;30;0.000013;0.022355;0.000967;1.025595
1.de.pool.ntp.org;31;0.000031;0.022252;0.009880;1.024383
1.de.pool.ntp.org;32;0.000057;0.022252;0.010081;1.024318
1.de.pool.ntp.org;33;0.000028;0.020452;0.011132;1.024995
1.de.pool.ntp.org;34;0.000043;0.020452;0.001047;1.025795
1.de.pool.ntp.org;35;0.000060;0.020452;0.009689;1.024595
1.de.pool.ntp.org;36;0.000051;0.020395;0.011076;1.025255
1.de.pool.ntp.org;37;0.000008;0.020572;0.000959;1.025920
1.de.pool.ntp.org;38;0.000018;0.020234;0.009825;1.024751
1.de.pool.ntp.org;39;0.000044;0.020572;0.010340;1.024838
1.de.pool.ntp.org;40;0.000015;0.020937;0.011428;1.025649
1.de.pool.ntp.org;41;0.000039;0.020447;0.000853;1.025950
1.de.pool.ntp.org;42;0.000048;0.020447;0.009775;1.024859
1.de.pool.ntp.org;43;0.000008;0.018604;0.010154;1.024907
1.de.pool.ntp.org;44;0.000004;0.018391;0.007013;1.024102
1.de.pool.ntp.org;45;0.000046;0.018391;0.009531;1.025202
1.de.pool.ntp.org;46;0.000014;0.006283;0.010148;1.024892
1.de.pool.ntp.org;47;0.000037;0.018391;0.009447;1.025197
1.de.pool.ntp.org;48;0.000018;0.006283;0.007152;1.024418
1.de.pool.ntp.org;49;0.000060;0.006283;0.009467;1.025322
2.de.pool.ntp.org;0;0.000006;0.008390;0.011208;1.025560
2.de.pool.ntp.org;1;0.000013;0.003539;0.009439;1.025321
2.de.pool.ntp.org;2;0.000031;0.005925;0.012401;1.018924
2.de.pool.ntp.org;3;0.000006;0.005925;0.011277;1.025751
2.de.pool.ntp.org;4;0.000037;0.005925;0.009476;1.025745
2.de.pool.ntp.org;5;0.000035;0.005925;0.010198;1.025508
2.de.pool.ntp.org;6;0.000052;0.007902;0.013390;1.018876
2.de.pool.ntp.org;7;0.000006;0.005925;0.011133;1.025939
2.de.pool.ntp.org;8;0.000001;0.005925;0.009619;1.025783
2.de.pool.ntp.org;9;0.000014;0.003677;0.010138;1.025837
2.de.pool.ntp.org;10;0.000022;0.005752;0.012495;1.027060
2.de.pool.ntp.org;11;0.000022;0.005752;0.011127;1.026175
2.de.pool.ntp.org;12;0.000030;0.006037;0.009476;1.026134
2.de.pool.ntp.org;13;0.000044;0.005752;0.010300;1.025937
2.de.pool.ntp.org;14;0.000022;0.005752;0.011469;1.026622
2.de.pool.ntp.org;15;0.000003;0.006088;0.009451;1.026126
2.de.pool.ntp.org;16;0.000017;0.006088;0.010444;1.026378
2.de.pool.ntp.org;17;0.000022;0.003397;0.011150;1.026509
2.de.pool.ntp.org;18;0.000027;0.003469;0.009415;1.026373
2.de.pool.ntp.org;19;0.000043;0.003469;0.010319;1.027418
2.de.pool.ntp.org;20;0.000008;0.020722;0.000788;1.027823
2.de.pool.ntp.org;21;0.000036;0.004519;0.008890;1.025974
2.de.pool.ntp.org;22;0.000006;0.006260;0.008019;1.026621
2.de.pool.ntp.org;23;0.000007;0.003469;0.010726;1.027191
2.de.pool.ntp.org;24;0.000065;0.020297;0.001001;1.027896
2.de.pool.ntp.org;25;0.000021;0.020297;0.008075;1.026823
2.de.pool.ntp.org;26;0.000030;0.018637;0.010222;1.027774
2.de.pool.ntp.org;27;0.000063;0.019011;0.000814;1.027968
2.de.pool.ntp.org;28;0.000032;0.018816;0.008876;1.026337
2.de.pool.ntp.org;29;0.000013;0.019011;0.008036;1.027016
2.de.pool.ntp.org;30;0.000038;0.019000;0.010314;1.027964
2.de.pool.ntp.org;31;0.000037;0.018823;0.000810;1.028423
2.de.pool.ntp.org;32;0.000047;0.018823;0.009046;1.026911
2.de.pool.ntp.org;33;0.000043;0.016472;0.007988;1.027318
2.de.pool.ntp.org;34;0.000052;0.019452;0.010540;1.027909
2.de.pool.ntp.org;35;0.000008;0.019452;0.000934;1.028815
2.de.pool.ntp.org;36;0.000061;0.019212;0.009068;1.026714
2.de.pool.ntp.org;37;0.000008;0.019452;0.008259;1.027908
2.de.pool.ntp.org;38;0.000041;0.019212;0.004108;1.027717
2.de.pool.ntp.org;39;0.000009;0.019212;0.010258;1.028248
2.de.pool.ntp.org;40;0.000050;0.019212;0.009514;1.027952
2.de.pool.ntp.org;41;0.000055;0.018647;0.010085;1.027951
2.de.pool.ntp.org;42;0.000041;0.018303;0.005260;1.029197
2.de.pool.ntp.org;43;0.000023;0.018979;0.010424;1.028752
2.de.pool.ntp.org;44;0.000020;0.012084;0.011302;1.027357
2.de.pool.ntp.org;45;0.000020;0.018979;0.010195;1.028093
2.de.pool.ntp.org;46;0.000057;0.013017;0.003915;1.028020
2.de.pool.ntp.org;47;0.000002;0.010328;0.010089;1.028853
2.de.pool.ntp.org;48;0.000051;0.010328;0.010324;1.028392
2.de.pool.ntp.org;49;0.000057;0.013087;0.003880;1.028216
3.de.pool.ntp.org;0;0.000061;0.013087;0.009478;1.028303
3.de.pool.ntp.org;1;0.000021;0.013449;0.010605;1.030895
3.de.pool.ntp.org;2;0.000065;0.013449;0.010185;1.028467
3.de.pool.ntp.org;3;0.000016;0.013449;0.009395;1.028567
3.de.pool.ntp.org;4;0.000009;0.014805;0.011282;1.026964
3.de.pool.ntp.org;5;0.000051;0.013449;0.009424;1.030820
3.de.pool.ntp.org;6;0.000030;0.013449;0.010458;1.029138
3.de.pool.ntp.org;7;0.000030;0.013449;0.009302;1.028894
3.de.pool.ntp.org;8;0.000039;0.002776;0.010690;1.027641
3.de.pool.ntp.org;9;0.000014;0.009237;0.006072;1.028596
3.de.pool.ntp.org;10;0.000010;0.009237;0.009863;1.029222
3.de.pool.ntp.org;11;0.000039;0.009237;0.010477;1.029244
3.de.pool.ntp.org;12;0.000026;0.039712;0.025928;1.022709
3.de.pool.ntp.org;13;0.000043;0.009551;0.005915;1.028595
3.de.pool.ntp.org;14;0.000040;0.009551;0.009558;1.029514
3.de.pool.ntp.org;15;0.000003;0.008689;0.010259;1.029012
3.de.pool.ntp.org;16;0.000040;0.014001;0.013073;1.030389
3.de.pool.ntp.org;17;0.000057;0.014215;0.005965;1.028851
3.de.pool.ntp.org;18;0.000005;0.014215;0.009493;1.029780
3.de.pool.ntp.org;19;0.000018;0.014215;0.010451;1.029020
3.de.pool.ntp.org;20;0.000032;0.014215;0.012761;1.029933
3.de.pool.ntp.org;21;0.000036;0.014215;0.009435;1.030023
3.de.pool.ntp.org;22;0.000056;0.014215;0.010166;1.029489
3.de.pool.ntp.org;23;0.000004;0.013374;0.012652;1.030260
3.de.pool.ntp.org;24;0.000045;0.013410;0.005947;1.029227
3.de.pool.ntp.org;25;0.000001;0.013410;0.009394;1.030313
3.de.pool.ntp.org;26;0.000005;0.013410;0.010183;1.029863
3.de.pool.ntp.org;27;0.000029;0.013410;0.010236;1.029965
3.de.pool.ntp.org;28;0.000001;0.013410;0.009777;1.030949
3.de.pool.ntp.org;29;0.000010;0.013410;0.011754;1.032821
3.de.pool.ntp.org;30;0.000002;0.013410;0.010135;1.030146
3.de.pool.ntp.org;31;0.000020;0.006517;0.010480;1.030095
3.de.pool.ntp.org;32;0.000015;0.002173;0.009768;1.031090
3.de.pool.ntp.org;33;0.000040;0.004580;0.011683;1.032793
3.de.pool.ntp.org;34;0.000016;0.003831;0.010203;1.030272
3.de.pool.ntp.org;35;0.000035;0.004580;0.010249;1.030291
3.de.pool.ntp.org;36;0.000045;0.003831;0.010410;1.031285
3.de.pool.ntp.org;37;0.000054;0.004479;0.012007;1.032663
3.de.pool.ntp.org;38;0.000012;0.004479;0.010326;1.030514
3.de.pool.ntp.org;39;0.000064;0.003583;0.010216;1.030521
3.de.pool.ntp.org;40;0.000059;0.003913;0.009727;1.031632
3.de.pool.ntp.org;41;0.000018;0.003913;0.011676;1.033271
3.de.pool.ntp.org;42;0.000026;0.003898;0.010155;1.030867
3.de.pool.ntp.org;43;0.000013;0.003913;0.010349;1.031104
3.de.pool.ntp.org;44;0.000060;0.004389;0.011921;1.033634
3.de.pool.ntp.org;45;0.000015;0.003898;0.010603;1.030575
3.de.pool.ntp.org;46;0.000034;0.004504;0.009424;1.031178
3.de.pool.ntp.org;47;0.000055;0.011237;0.006057;1.031094
3.de.pool.ntp.org;48;0.000043;0.014016;0.013065;1.031432
3.de.pool.ntp.org;49;0.000058;0.014016;0.009766;1.030961
