Hostname;RequestNumber;rootDispersion;DispOver8Req;Delay;Offset
0.de.pool.ntp.org;0;0.007324219;0.000000000;0.006900552;0.004986328
0.de.pool.ntp.org;1;0.007461548;0.000055982;0.006928543;0.005185365
0.de.pool.ntp.org;10;0.002700806;0.021525544;0.007106819;0.006429423
0.de.pool.ntp.org;11;0.002822876;0.021525544;0.007131143;0.006551234
0.de.pool.ntp.org;12;0.002944946;0.021525544;0.007406921;0.006348410
0.de.pool.ntp.org;13;0.003051758;0.021525544;0.007750782;0.006097817
0.de.pool.ntp.org;14;0.003173828;0.021525544;0.007141602;0.006857734
0.de.pool.ntp.org;15;0.003295898;0.021525544;0.007166952;0.007021876
0.de.pool.ntp.org;16;0.003417969;0.021752347;0.006787151;0.006888219
0.de.pool.ntp.org;17;0.003555298;0.230505231;0.122039767;0.098967014
0.de.pool.ntp.org;18;0.003677368;0.230505231;0.007140333;0.007326883
0.de.pool.ntp.org;19;0.003799438;0.230505231;0.006791733;0.007135470
0.de.pool.ntp.org;2;0.007583618;0.000677367;0.007239236;0.004933067
0.de.pool.ntp.org;20;0.003906250;0.230589402;0.006745066;0.007267669
0.de.pool.ntp.org;21;0.004028320;0.230589402;0.006822724;0.007319855
0.de.pool.ntp.org;22;0.004150391;0.230589402;0.007094305;0.007735613
0.de.pool.ntp.org;23;0.004287720;0.230589402;0.007132364;0.007860532
0.de.pool.ntp.org;24;0.004409790;0.230589402;0.007285717;0.008094865
0.de.pool.ntp.org;25;0.004531860;0.230589402;0.007127393;0.008079799
0.de.pool.ntp.org;26;0.004653931;0.230589402;0.007248229;0.008349429
0.de.pool.ntp.org;27;0.004760742;0.230589402;0.007280168;0.007910543
0.de.pool.ntp.org;28;0.004882812;0.230589402;0.007085904;0.008372806
0.de.pool.ntp.org;29;0.005004883;0.230589402;0.010189627;0.005418793
0.de.pool.ntp.org;3;0.007690430;0.001429243;0.007615174;0.005099344
0.de.pool.ntp.org;30;0.005126953;0.230589402;0.007121572;0.008593659
0.de.pool.ntp.org;31;0.005249023;0.230589402;0.007379613;0.008952059
0.de.pool.ntp.org;32;0.005371094;0.230589402;0.007123362;0.008803546
0.de.pool.ntp.org;33;0.005493164;0.230589402;0.007343213;0.009099306
0.de.pool.ntp.org;34;0.005615234;0.230589402;0.007127675;0.009022947
0.de.pool.ntp.org;35;0.005737305;0.230589402;0.010263749;0.012312105
0.de.pool.ntp.org;36;0.005859375;0.230589402;0.010310259;0.005613686
0.de.pool.ntp.org;37;0.005981445;0.230589402;0.007129787;0.009329362
0.de.pool.ntp.org;38;0.006103516;0.230589402;0.006804101;0.009184893
0.de.pool.ntp.org;39;0.006225586;0.230589402;0.007093867;0.009620164
0.de.pool.ntp.org;4;0.007812500;0.001429243;0.007079777;0.005806454
0.de.pool.ntp.org;40;0.006347656;0.230589402;0.026195219;0.028683436
0.de.pool.ntp.org;41;0.006469727;0.230589402;0.007205082;0.010026145
0.de.pool.ntp.org;42;0.006576538;0.230589402;0.008997731;0.007901421
0.de.pool.ntp.org;43;0.002227783;0.230589402;0.007186769;0.009923455
0.de.pool.ntp.org;44;0.002334595;0.230589402;0.007160834;0.010089429
0.de.pool.ntp.org;45;0.002456665;0.230589402;0.007398740;0.010248040
0.de.pool.ntp.org;46;0.002593994;0.230589402;0.007139804;0.010295043
0.de.pool.ntp.org;47;0.002716064;0.230589402;0.007528343;0.010703647
0.de.pool.ntp.org;48;0.002838135;0.230589402;0.007661604;0.010650527
0.de.pool.ntp.org;49;0.002960205;0.230589402;0.007144193;0.010553694
0.de.pool.ntp.org;5;0.007934570;0.021525544;0.017663324;-0.005234794
0.de.pool.ntp.org;50;0.003082275;0.230589402;0.007752801;0.010825553
0.de.pool.ntp.org;51;0.003189087;0.230589402;0.007473355;0.010500693
0.de.pool.ntp.org;52;0.003311157;0.230589402;0.007146235;0.010869934
0.de.pool.ntp.org;53;0.003433228;0.230589402;0.007135227;0.010984068
0.de.pool.ntp.org;54;0.003555298;0.230589402;0.007134256;0.011119027
0.de.pool.ntp.org;55;0.003677368;0.230589402;0.007127715;0.011232502
0.de.pool.ntp.org;56;0.003799438;0.230589402;0.006817297;0.011007788
0.de.pool.ntp.org;57;0.003936768;0.230589402;0.030118674;0.033870604
0.de.pool.ntp.org;58;0.004058838;0.230589402;0.007156454;0.011509921
0.de.pool.ntp.org;59;0.004165649;0.230589402;0.006775686;0.011397389
0.de.pool.ntp.org;6;0.008056641;0.021525544;0.007156315;0.006040327
0.de.pool.ntp.org;60;0.004287720;0.230589402;0.006885402;0.011476957
0.de.pool.ntp.org;61;0.004409790;0.230589402;0.007329837;0.011532496
0.de.pool.ntp.org;62;0.004531860;0.230589402;0.007303746;0.012108688
0.de.pool.ntp.org;63;0.004653931;0.230589402;0.007148120;0.012029967
0.de.pool.ntp.org;64;0.004776001;0.230589402;0.011750548;0.009242941
0.de.pool.ntp.org;65;0.004898071;0.230589402;0.007069748;0.012303214
0.de.pool.ntp.org;66;0.005004883;0.230589402;0.007087795;0.012341592
0.de.pool.ntp.org;67;0.005126953;0.230589402;0.007090761;0.012548945
0.de.pool.ntp.org;68;0.005249023;0.230589402;0.007832253;0.012757844
0.de.pool.ntp.org;69;0.005386353;0.230589402;0.007049275;0.012761690
0.de.pool.ntp.org;7;0.008178711;0.021525544;0.008601198;0.005230460
0.de.pool.ntp.org;70;0.005508423;0.230589402;0.007165011;0.012866589
0.de.pool.ntp.org;71;0.005630493;0.230589402;0.007183755;0.012761433
0.de.pool.ntp.org;72;0.005752563;0.230589402;0.010731818;0.016439562
0.de.pool.ntp.org;73;0.005859375;0.230589402;0.006873706;0.012730018
0.de.pool.ntp.org;74;0.005981445;0.230589402;0.007311041;0.012965524
0.de.pool.ntp.org;75;0.006103516;0.230589402;0.007158528;0.013217846
0.de.pool.ntp.org;76;0.006225586;0.230589402;0.006971744;0.013491994
0.de.pool.ntp.org;77;0.006347656;0.230589402;0.007063602;0.013447190
0.de.pool.ntp.org;78;0.006469727;0.230602847;0.006738343;0.013386222
0.de.pool.ntp.org;79;0.006591797;0.230602847;0.006929077;0.013260022
0.de.pool.ntp.org;8;0.008300781;0.021525544;0.007318604;0.006345667
0.de.pool.ntp.org;80;0.006729126;0.230602847;0.007037128;0.013899025
0.de.pool.ntp.org;81;0.006835938;0.230602847;0.007034945;0.014128064
0.de.pool.ntp.org;82;0.006958008;0.230602847;0.007530283;0.013993410
0.de.pool.ntp.org;83;0.007080078;0.230602847;0.008355947;0.015553557
0.de.pool.ntp.org;84;0.007202148;0.230602847;0.007072683;0.008469616
0.de.pool.ntp.org;85;0.007324219;0.230602847;0.007419224;0.005156667
0.de.pool.ntp.org;86;0.007446289;0.230602847;0.007283739;0.002997474
0.de.pool.ntp.org;87;0.007568359;0.230602847;0.006815709;0.001451972
0.de.pool.ntp.org;88;0.007675171;0.230602847;0.006876329;0.000814589
0.de.pool.ntp.org;89;0.007797241;0.230602847;0.048408743;0.040870597
0.de.pool.ntp.org;9;0.008438110;0.021525544;0.007106126;0.006313350
0.de.pool.ntp.org;90;0.007934570;0.230602847;0.040159251;-0.031417937
0.de.pool.ntp.org;91;0.008056641;0.230602847;0.017444505;-0.010406767
0.de.pool.ntp.org;92;0.008178711;0.230602847;0.006756267;0.000376269
0.de.pool.ntp.org;93;0.008300781;0.230602847;0.006746351;0.000371249
0.de.pool.ntp.org;94;0.008422852;0.230602847;0.007057813;0.000848120
0.de.pool.ntp.org;95;0.008529663;0.230604470;0.006737532;0.000543778
0.de.pool.ntp.org;96;0.008651733;0.230604470;0.007099208;0.000901607
0.de.pool.ntp.org;97;0.008773804;0.230604470;0.007183880;0.000968054
0.de.pool.ntp.org;98;0.008895874;0.230604470;0.007212796;0.001335873
0.de.pool.ntp.org;99;0.009017944;0.230604470;0.007115888;0.001224081

